0.0 0.6560747027397156 0.1420460343360901 0.6630901098251343 0.14421404898166656
1.0 0.57216477394104 0.1147831454873085 0.631284773349762 0.13129393756389618
2.0 0.3894869387149811 0.041861727833747864 0.4618671238422394 0.06476476043462753
3.0 0.35903316736221313 0.02868824452161789 0.37244942784309387 0.032418377697467804
4.0 0.35493916273117065 0.02668793685734272 0.3624330163002014 0.029223810881376266
5.0 0.35984769463539124 0.029269183054566383 0.35898903012275696 0.028122393414378166
6.0 0.35405704379081726 0.026235438883304596 0.35764268040657043 0.027726810425519943
7.0 0.3523811101913452 0.025900088250637054 0.3563278615474701 0.027308067306876183
8.0 0.3517757058143616 0.025700198486447334 0.35548606514930725 0.02697095088660717
9.0 0.3510585129261017 0.025372665375471115 0.35467785596847534 0.02673918753862381
10.0 0.3516586124897003 0.02579345740377903 0.3536762595176697 0.026389727368950844
11.0 0.3547320067882538 0.026696719229221344 0.35139116644859314 0.025578977540135384
12.0 0.34545719623565674 0.023330815136432648 0.3498031198978424 0.02504262700676918
13.0 0.3448120653629303 0.023247865960001945 0.34600630402565 0.023579023778438568
14.0 0.33216699957847595 0.01824120618402958 0.3418697416782379 0.021855250000953674
15.0 0.32326236367225647 0.014612309634685516 0.3388115465641022 0.020640453323721886
16.0 0.3244336247444153 0.01550413016229868 0.3296060860157013 0.01738608442246914
17.0 0.3161979913711548 0.012668154202401638 0.32271188497543335 0.01501576416194439
18.0 0.31084486842155457 0.010722578503191471 0.31754937767982483 0.01327590923756361
19.0 0.3086053729057312 0.009848535060882568 0.3133147656917572 0.011852958239614964
20.0 0.30673444271087646 0.009158771485090256 0.31012269854545593 0.010733002796769142
21.0 0.30637326836586 0.008941388688981533 0.3090319037437439 0.010344359092414379
22.0 0.30175748467445374 0.0073317489586770535 0.3068644404411316 0.009557227604091167
23.0 0.3065650761127472 0.009369083680212498 0.30587419867515564 0.00920251663774252
24.0 0.3108232319355011 0.010461561381816864 0.3036062717437744 0.008366766385734081
25.0 0.2999633848667145 0.006932716816663742 0.30220597982406616 0.007854213938117027
26.0 0.2972244322299957 0.005733001045882702 0.302286833524704 0.007823995314538479
27.0 0.30621036887168884 0.008747502230107784 0.30062681436538696 0.007246583700180054
28.0 0.29725533723831177 0.0059056356549263 0.29927143454551697 0.006748024839907885
29.0 0.3088429272174835 0.010011096484959126 0.2990283966064453 0.0066317408345639706
30.0 0.29569414258003235 0.005391968414187431 0.29786258935928345 0.006211885716766119
31.0 0.29583072662353516 0.00544004188850522 0.2968657314777374 0.0058341724798083305
32.0 0.2933058738708496 0.0043812901712954044 0.29628026485443115 0.0056523955427110195
33.0 0.2989322543144226 0.00658874586224556 0.295765221118927 0.005451124627143145
34.0 0.29218757152557373 0.003891698317602277 0.295214980840683 0.005259690806269646
35.0 0.29892829060554504 0.006486278492957354 0.29462945461273193 0.005034730304032564
36.0 0.29145675897598267 0.0036561735905706882 0.29395005106925964 0.004791484214365482
37.0 0.29144108295440674 0.0036341657396405935 0.2938076853752136 0.00475957291200757
38.0 0.29214006662368774 0.00385180558077991 0.29440078139305115 0.004898023325949907
39.0 0.2912304699420929 0.003618587739765644 0.2934826612472534 0.0046041919849812984
40.0 0.2908988893032074 0.0034562479704618454 0.2926565408706665 0.0043044681660830975
41.0 0.2920113801956177 0.003907858859747648 0.2933228015899658 0.004566093906760216
42.0 0.2943742871284485 0.004809048492461443 0.29246002435684204 0.004218277521431446
43.0 0.29029160737991333 0.0032325556967407465 0.29249483346939087 0.0042650154791772366
44.0 0.29007193446159363 0.0031819187570363283 0.2925093173980713 0.004239728674292564
45.0 0.290214478969574 0.0032239097636193037 0.29248061776161194 0.004216236062347889
46.0 0.2899281680583954 0.0031531325075775385 0.292099267244339 0.004088865593075752
47.0 0.29346463084220886 0.004436313174664974 0.2917824387550354 0.003989384043961763
48.0 0.28976356983184814 0.0030956347472965717 0.29187706112861633 0.004012023564428091
49.0 0.2904883325099945 0.00327357929199934 0.2914813160896301 0.0038818330504000187
50.0 0.2893977761268616 0.0029232099186629057 0.2912858724594116 0.003788900328800082
51.0 0.2913973331451416 0.0036827679723501205 0.29126089811325073 0.003779364749789238
52.0 0.2891159653663635 0.0028404330369085073 0.2910669147968292 0.0037291431799530983
53.0 0.2892458438873291 0.0029251982923597097 0.2909586429595947 0.0036788941361010075
54.0 0.29258713126182556 0.004092897288501263 0.2907068133354187 0.0035880187060683966
55.0 0.28995203971862793 0.0031985125970095396 0.29100626707077026 0.0037037800066173077
56.0 0.28893619775772095 0.0027316983323544264 0.2905295789241791 0.00354215782135725
57.0 0.28876781463623047 0.0026749735698103905 0.29063788056373596 0.0035462272353470325
58.0 0.2889809310436249 0.0027773918118327856 0.2903347909450531 0.003466557012870908
59.0 0.28882455825805664 0.002744121477007866 0.29024142026901245 0.0034114911686629057
60.0 0.28888559341430664 0.002780553884804249 0.29030629992485046 0.0034720078110694885
61.0 0.2887381911277771 0.0026346498634666204 0.28996556997299194 0.003316286252811551
62.0 0.2890540361404419 0.00281056622043252 0.2899538576602936 0.003323596902191639
63.0 0.28912562131881714 0.0028447990771383047 0.2899523377418518 0.003306733909994364
64.0 0.288237065076828 0.0025638453662395477 0.2897145450115204 0.0032269072253257036
65.0 0.2887383699417114 0.0026860071811825037 0.289860337972641 0.0032775907311588526
66.0 0.2886984050273895 0.0026121060363948345 0.28973206877708435 0.0032326257787644863
67.0 0.30801698565483093 0.009579920209944248 0.2896380126476288 0.0032100104726850986
68.0 0.29578372836112976 0.005319931544363499 0.2896682620048523 0.003240502206608653
69.0 0.2889859080314636 0.002834964543581009 0.2894505262374878 0.003143067006021738
70.0 0.2879610061645508 0.002449826104566455 0.2894821763038635 0.0031582105439156294
71.0 0.28798770904541016 0.002491933526471257 0.28932124376296997 0.0030917341355234385
72.0 0.2878764867782593 0.002360544865950942 0.2891058921813965 0.0030231629498302937
73.0 0.2880052626132965 0.0024109561927616596 0.28929010033607483 0.0030800756067037582
74.0 0.28796282410621643 0.002379054669290781 0.2890534996986389 0.0029958670493215322
75.0 0.28904134035110474 0.0027956170961260796 0.28890547156333923 0.0029554276261478662
76.0 0.2887251675128937 0.0026872060261666775 0.28891241550445557 0.002939504338428378
77.0 0.2879830598831177 0.0023332820273935795 0.28897202014923096 0.0029657171107828617
78.0 0.2899262309074402 0.0031990520656108856 0.28873971104621887 0.0028849246446043253
79.0 0.2877171039581299 0.0023717316798865795 0.2885475754737854 0.0028217830695211887
80.0 0.28806912899017334 0.002463602926582098 0.288656085729599 0.0028485949151217937
81.0 0.28776806592941284 0.0023591567296534777 0.2885599434375763 0.002803199691697955
82.0 0.2870468199253082 0.002118525095283985 0.2885790467262268 0.002828821772709489
83.0 0.28719720244407654 0.002218439942225814 0.28856274485588074 0.002815664280205965
84.0 0.2873345911502838 0.002152439206838608 0.2883455157279968 0.0027317898347973824
85.0 0.2868679165840149 0.0020233921241015196 0.2882390022277832 0.0027060445863753557
86.0 0.29853498935699463 0.006273121107369661 0.28815117478370667 0.002669768175110221
87.0 0.2870045602321625 0.0020413892343640327 0.28810954093933105 0.002642478561028838
88.0 0.28728464245796204 0.0021484792232513428 0.2880800664424896 0.00262359157204628
89.0 0.2868443727493286 0.0019549368880689144 0.2880120575428009 0.0026139661204069853
90.0 0.2875468134880066 0.002258259803056717 0.28798866271972656 0.0025904597714543343
91.0 0.2899634838104248 0.0029704193584620953 0.2878302335739136 0.0025391585659235716
92.0 0.28642672300338745 0.001870308187790215 0.28796061873435974 0.0025821845047175884
93.0 0.2869536876678467 0.002015084959566593 0.2878720462322235 0.002564880298450589
94.0 0.2874089479446411 0.0022386331111192703 0.28784623742103577 0.0025510971900075674
95.0 0.28710222244262695 0.002122600795701146 0.2877297103404999 0.0024928513448685408
96.0 0.2863471210002899 0.001799214631319046 0.28750181198120117 0.0024083710741251707
97.0 0.28699371218681335 0.0020413279999047518 0.28756311535835266 0.0024482773151248693
98.0 0.28680261969566345 0.001840225886553526 0.28766313195228577 0.0024766498245298862
99.0 0.2861034572124481 0.001734478515572846 0.2873748242855072 0.0023659488651901484
100.0 0.28638550639152527 0.0018636065069586039 0.2875056564807892 0.0024158123414963484
101.0 0.2888287901878357 0.002488565631210804 0.28752920031547546 0.0024212172720581293
102.0 0.2863543629646301 0.0017999105621129274 0.28744760155677795 0.0023830230347812176
103.0 0.2863040864467621 0.0017582327127456665 0.2873478829860687 0.002357689430937171
104.0 0.28606194257736206 0.0017497778171673417 0.2874304950237274 0.0023814996238797903
105.0 0.2865193486213684 0.0018232653383165598 0.28726881742477417 0.002328975358977914
106.0 0.2858969271183014 0.0016823371406644583 0.2871510088443756 0.002283770591020584
107.0 0.287699431180954 0.0023512965999543667 0.28744980692863464 0.002404675120487809
108.0 0.28601765632629395 0.0017088708700612187 0.28733596205711365 0.002368877874687314
109.0 0.2870405316352844 0.0021605670917779207 0.2872777283191681 0.0023347423411905766
110.0 0.28604304790496826 0.0016932591097429395 0.2873818278312683 0.0023635798133909702
111.0 0.28755784034729004 0.002305489731952548 0.2871333956718445 0.002276658546179533
112.0 0.28608211874961853 0.0016921209171414375 0.287129670381546 0.002288087736815214
113.0 0.2860994040966034 0.0017991180066019297 0.2872908413410187 0.002356303622946143
114.0 0.2861577272415161 0.0017644537147134542 0.2870476245880127 0.0022644405253231525
115.0 0.2866528630256653 0.001975403865799308 0.2870451509952545 0.002248758915811777
116.0 0.2895849347114563 0.002960954559966922 0.2871170938014984 0.0022774783428758383
117.0 0.28564146161079407 0.00155257701408118 0.2871234118938446 0.0022797875571995974
118.0 0.28588926792144775 0.0016059676418080926 0.2870790362358093 0.0022678247187286615
119.0 0.28581804037094116 0.0015946109779179096 0.28697341680526733 0.002246954245492816
120.0 0.28707432746887207 0.00202350621111691 0.28716322779655457 0.002312468597665429
121.0 0.2862066626548767 0.001758922589942813 0.2867940068244934 0.0021580131724476814
122.0 0.28593695163726807 0.0017202758463099599 0.2870272696018219 0.0022583743557333946
123.0 0.28658726811408997 0.0019389898516237736 0.2869374752044678 0.0022231375332921743
124.0 0.2859058976173401 0.0016477538738399744 0.28699198365211487 0.002230673795565963
125.0 0.28779473900794983 0.0023938980884850025 0.28679442405700684 0.0021674635354429483
126.0 0.2867179214954376 0.0019891089759767056 0.28703629970550537 0.0022533400915563107
127.0 0.2858791649341583 0.0016035607550293207 0.2869110703468323 0.002204161137342453
128.0 0.2858731746673584 0.001625581062398851 0.2868075668811798 0.002179657807573676
129.0 0.2908107340335846 0.003563338192179799 0.28675591945648193 0.00217082304880023
130.0 0.2902839779853821 0.0033279145136475563 0.2868131995201111 0.002181197749450803
131.0 0.2861348092556 0.0015953814145177603 0.28681445121765137 0.0021871784701943398
132.0 0.2857120633125305 0.001532947993837297 0.28672945499420166 0.002154303714632988
133.0 0.2862154245376587 0.0017061568796634674 0.286746084690094 0.0021656814496964216
134.0 0.2854714095592499 0.001502222497947514 0.2867094874382019 0.0021346600260585546
135.0 0.2856658399105072 0.0015134027926251292 0.28668028116226196 0.0021294131875038147
136.0 0.2859247326850891 0.0016595975030213594 0.2868081331253052 0.0021820557303726673
137.0 0.2860543131828308 0.0016044692602008581 0.2864714562892914 0.0020556868985295296
138.0 0.28564420342445374 0.0014760498888790607 0.2866383492946625 0.0021160938777029514
139.0 0.28546157479286194 0.0015054981922730803 0.286575585603714 0.0020824552047997713
140.0 0.2855075001716614 0.0014938185922801495 0.2865385115146637 0.0020793569274246693
141.0 0.2853727340698242 0.0014770969282835722 0.286543071269989 0.0020684220362454653
142.0 0.28739309310913086 0.002047243295237422 0.2864607870578766 0.002052874071523547
143.0 0.2865516245365143 0.0017832517623901367 0.2864964008331299 0.0020751669071614742
144.0 0.28612831234931946 0.0016655988292768598 0.2865656018257141 0.0020971123594790697
145.0 0.2856999635696411 0.0016162499086931348 0.2866213917732239 0.0020977153908461332
146.0 0.28561797738075256 0.0016130473231896758 0.2865413725376129 0.002085603540763259
147.0 0.2855129539966583 0.0015300542581826448 0.28638333082199097 0.0020213834941387177
148.0 0.28532418608665466 0.0015034476527944207 0.2863772511482239 0.0020268207881599665
149.0 0.28543490171432495 0.0014904385898262262 0.28656867146492004 0.002102707512676716
150.0 0.2852145731449127 0.0014582363655790687 0.28647205233573914 0.002074270509183407
151.0 0.28579920530319214 0.0016345051117241383 0.28649768233299255 0.0020743145141750574
152.0 0.28513622283935547 0.0013997688656672835 0.2863197922706604 0.0019931821152567863
153.0 0.2857474088668823 0.0016636726213619113 0.28633201122283936 0.0020184682216495275
154.0 0.2857920229434967 0.0015419733244925737 0.2862773835659027 0.002004694426432252
155.0 0.28564757108688354 0.0015483290189877152 0.2863495647907257 0.0020071768667548895
156.0 0.28560179471969604 0.0016129560535773635 0.28630125522613525 0.001997192157432437
157.0 0.28577497601509094 0.0015767046716064215 0.286332368850708 0.0020113117061555386
158.0 0.28664296865463257 0.0019867820665240288 0.28627827763557434 0.0020059591624885798
159.0 0.2860220670700073 0.001789485919289291 0.28632935881614685 0.0020029591396450996
160.0 0.2857491075992584 0.0015469893114641309 0.2862285077571869 0.00197983393445611
161.0 0.285235196352005 0.0014221847523003817 0.28630125522613525 0.0020032573956996202
162.0 0.28542134165763855 0.0014839479699730873 0.28610819578170776 0.0019532660953700542
163.0 0.2853299379348755 0.001502463361248374 0.2862373888492584 0.0020047491416335106
164.0 0.28533604741096497 0.0014285901561379433 0.2862042784690857 0.0019754129461944103
165.0 0.2850574553012848 0.001381471985951066 0.2861473560333252 0.0019701810088008642
166.0 0.2854817807674408 0.0015740799717605114 0.2861822843551636 0.0019697153475135565
167.0 0.28540265560150146 0.0015568612143397331 0.286188542842865 0.0019695363007485867
168.0 0.28625330328941345 0.0016606332501396537 0.2861766219139099 0.0019799841102212667
169.0 0.28538456559181213 0.0014673813711851835 0.28609997034072876 0.001950630801729858
170.0 0.2858390212059021 0.0015691022854298353 0.28622257709503174 0.001988034462556243
171.0 0.28499433398246765 0.0013817421859130263 0.28611862659454346 0.001942556700669229
172.0 0.2853720188140869 0.001542046433314681 0.2861013412475586 0.0019393735565245152
173.0 0.28501996397972107 0.001352639403194189 0.28632891178131104 0.0020322559867054224
174.0 0.28537312150001526 0.0014587135519832373 0.2860547602176666 0.0019338951678946614
175.0 0.2955995202064514 0.005297656636685133 0.2860581576824188 0.0019332729279994965
176.0 0.28541937470436096 0.0014621681766584516 0.2860732078552246 0.001934418804012239
177.0 0.28608226776123047 0.001682559377513826 0.2859955430030823 0.0019143251702189445
178.0 0.28510403633117676 0.0013861912302672863 0.2859813868999481 0.0019050147384405136
179.0 0.2849560081958771 0.001360871596261859 0.28618016839027405 0.001975791761651635
180.0 0.2855229377746582 0.0014633176615461707 0.28595367074012756 0.0019137526396661997
181.0 0.2850588262081146 0.0013545965775847435 0.2860177457332611 0.0019145322730764747
182.0 0.28535136580467224 0.0015243836678564548 0.2860316336154938 0.0019195637432858348
183.0 0.28503283858299255 0.001436278922483325 0.28601551055908203 0.0019371582893654704
184.0 0.2852505147457123 0.0013642049161717296 0.28596872091293335 0.0018936884589493275
185.0 0.28504252433776855 0.0014021688839420676 0.28601956367492676 0.0019276987295597792
186.0 0.2864125669002533 0.0017408542335033417 0.28601208329200745 0.0019228279124945402
187.0 0.28524142503738403 0.0013963867677375674 0.2859998643398285 0.0019217462977394462
188.0 0.28658488392829895 0.0019072993891313672 0.2858695983886719 0.0018750206800177693
189.0 0.2851977050304413 0.0013736626133322716 0.2859894037246704 0.0019164688419550657
190.0 0.28518015146255493 0.001389934215694666 0.2859399914741516 0.0019003698835149407
191.0 0.2896725535392761 0.003185918787494302 0.28596311807632446 0.0019049870315939188
192.0 0.28494754433631897 0.0014107536990195513 0.2859872579574585 0.0019111174624413252
193.0 0.2849145233631134 0.0012964262859895825 0.28586772084236145 0.0018633318832144141
194.0 0.28542765974998474 0.0015679084463045 0.2858985662460327 0.001883355900645256
195.0 0.2857343852519989 0.001657891902141273 0.2858005166053772 0.00184303626883775
196.0 0.2851267158985138 0.001364024356007576 0.28591489791870117 0.0018980804597958922
197.0 0.28638404607772827 0.001878900220617652 0.28579023480415344 0.001853262772783637
198.0 0.28506267070770264 0.0013246808666735888 0.2860020697116852 0.0019223077688366175
199.0 0.2849574685096741 0.0014033995103091002 0.2858287990093231 0.001853016554377973
200.0 0.28531402349472046 0.0015136150177568197 0.2857491075992584 0.0018294606124982238
201.0 0.28579258918762207 0.0017255012644454837 0.28586670756340027 0.0018720290390774608
202.0 0.2848273813724518 0.001290635671466589 0.2859010696411133 0.0018729825969785452
203.0 0.28544852137565613 0.001509129535406828 0.28582870960235596 0.0018566232174634933
204.0 0.28485777974128723 0.001363443210721016 0.28581130504608154 0.0018559478921815753
205.0 0.28501299023628235 0.0014366467949002981 0.285801500082016 0.0018578231101855636
206.0 0.28484559059143066 0.0013294880045577884 0.28579092025756836 0.0018525081686675549
207.0 0.2855900526046753 0.0016578251961618662 0.2856907248497009 0.0018214948941022158
208.0 0.284832626581192 0.0013599740341305733 0.2859026789665222 0.001889209495857358
209.0 0.2848770022392273 0.0013439343310892582 0.2857779264450073 0.0018561840988695621
210.0 0.2848295569419861 0.0012709246948361397 0.285832017660141 0.0018765705171972513
211.0 0.2862256169319153 0.0016647084848955274 0.2858281433582306 0.0018760456005111337
212.0 0.28535953164100647 0.0015428398037329316 0.2857392430305481 0.0018385618459433317
213.0 0.2851366102695465 0.0013358532451093197 0.28579211235046387 0.0018542356556281447
214.0 0.2848444879055023 0.0012953412951901555 0.2858508229255676 0.0018781664548441768
215.0 0.28508734703063965 0.0013386207865551114 0.28567662835121155 0.0018213239964097738
216.0 0.28506040573120117 0.0013792802346870303 0.2857869863510132 0.0018507378408685327
217.0 0.2848767042160034 0.0012716344790533185 0.2857990562915802 0.0018637556349858642
218.0 0.28639617562294006 0.0019895618315786123 0.2857157588005066 0.001839795964770019
219.0 0.28495270013809204 0.0014378202613443136 0.2857140004634857 0.001827280386351049
220.0 0.284999281167984 0.0014336776221171021 0.28570789098739624 0.0018183700740337372
221.0 0.28484150767326355 0.0013046307722106576 0.2856680750846863 0.0018150517717003822
222.0 0.2853659987449646 0.0015799116808921099 0.2856846749782562 0.0018183519132435322
223.0 0.2846886217594147 0.0012567740632221103 0.28561893105506897 0.001787806861102581
224.0 0.2846313416957855 0.0012753772316500545 0.2857181131839752 0.0018185277003794909
225.0 0.2847837805747986 0.0013316734693944454 0.28566378355026245 0.001813578768633306
226.0 0.28470146656036377 0.0013011578703299165 0.28566643595695496 0.0018387900199741125
227.0 0.28547075390815735 0.0014663420151919127 0.2855722904205322 0.0017789663979783654
228.0 0.2852186858654022 0.0014879298396408558 0.28567978739738464 0.0018265072721987963
229.0 0.28502121567726135 0.0013388304505497217 0.2855502963066101 0.0017802247311919928
230.0 0.2853141725063324 0.0014821442309767008 0.28572776913642883 0.0018254779279232025
231.0 0.2851748764514923 0.0014872073661535978 0.2856532037258148 0.0018260310171172023
232.0 0.28496286273002625 0.0013454570434987545 0.28560587763786316 0.0018013730878010392
233.0 0.29018956422805786 0.003464074106886983 0.2855662405490875 0.0017808483680710196
234.0 0.2848271429538727 0.0012848181650042534 0.28562983870506287 0.001810127287171781
235.0 0.28477051854133606 0.0013346167979761958 0.2855575382709503 0.0017815660685300827
236.0 0.2850344777107239 0.0013647876912727952 0.2855227589607239 0.0017563874134793878
237.0 0.28510233759880066 0.0013067356776446104 0.285570353269577 0.0017825682880356908
238.0 0.28473180532455444 0.001282799057662487 0.2856299877166748 0.0018055778928101063
239.0 0.2847302258014679 0.0012763019185513258 0.28556621074676514 0.001786561100743711
240.0 0.2846260070800781 0.0012764818966388702 0.2856038212776184 0.0017929456662386656
241.0 0.2847956418991089 0.0013129125582054257 0.2856890559196472 0.0018272054148837924
242.0 0.2857323884963989 0.0017313166754320264 0.2855992317199707 0.0017850534059107304
243.0 0.28473544120788574 0.0013090610736981034 0.2854625880718231 0.0017532692290842533
244.0 0.28679054975509644 0.002210895996540785 0.28544875979423523 0.0017377750482410192
245.0 0.2845444977283478 0.0012394617078825831 0.28546079993247986 0.0017507342854514718
246.0 0.28554558753967285 0.0016097930492833257 0.28547826409339905 0.0017486662836745381
247.0 0.2847764790058136 0.0013157220091670752 0.2855144143104553 0.0017622305313125253
248.0 0.2849263846874237 0.0013429325772449374 0.2853871285915375 0.001724129542708397
249.0 0.28483399748802185 0.0013127074344083667 0.2855354845523834 0.0017812480218708515
250.0 0.28481680154800415 0.0013062091311439872 0.28546711802482605 0.0017575625097379088
251.0 0.2853530943393707 0.0014820635551586747 0.2855270206928253 0.0017818689811974764
252.0 0.2856287956237793 0.001600269810296595 0.2853811979293823 0.001730476040393114
253.0 0.2848435938358307 0.0013007482048124075 0.28551575541496277 0.0017675142735242844
254.0 0.2851237654685974 0.0014686231734231114 0.2854907214641571 0.0017588717164471745
255.0 0.2846142053604126 0.001230882597155869 0.28549209237098694 0.001767414272762835
256.0 0.2850222885608673 0.001355861546471715 0.2854412794113159 0.0017549655167385936
257.0 0.2850971817970276 0.0013977697817608714 0.2854466736316681 0.0017366998363286257
258.0 0.28487205505371094 0.001318461960181594 0.28546351194381714 0.0017591265495866537
259.0 0.2886268198490143 0.00283782253973186 0.28546980023384094 0.0017787019023671746
260.0 0.2844606637954712 0.0011991392821073532 0.28553178906440735 0.0017756674205884337
261.0 0.2848860025405884 0.0012892414815723896 0.2854281961917877 0.0017359035555273294
262.0 0.28560900688171387 0.00149988429620862 0.28547215461730957 0.0017524062423035502
263.0 0.28454267978668213 0.0012021452421322465 0.28542575240135193 0.001740716747008264
264.0 0.2849641740322113 0.0013316713739186525 0.28537747263908386 0.0017116765957325697
265.0 0.28481853008270264 0.001286588842049241 0.2854282259941101 0.001744027598761022
266.0 0.2845200300216675 0.00127628433983773 0.2854570746421814 0.001758488593623042
267.0 0.2845820486545563 0.0012619496555998921 0.28550001978874207 0.0017601536819711328
268.0 0.2852233052253723 0.0014305333606898785 0.2855757772922516 0.0017931185429915786
269.0 0.28469318151474 0.001210373709909618 0.2853599786758423 0.0017419487703591585
270.0 0.2848232686519623 0.0013823022600263357 0.2854222059249878 0.0017439051298424602
271.0 0.2848089933395386 0.0012551627587527037 0.28545352816581726 0.0017443059477955103
272.0 0.2850581109523773 0.0014027631841599941 0.2853800058364868 0.0017226048512384295
273.0 0.2852923274040222 0.0015972860855981708 0.28547611832618713 0.0017638637218624353
274.0 0.28614574670791626 0.0019258109387010336 0.28543606400489807 0.001748273498378694
275.0 0.28453579545021057 0.001200976432301104 0.2854821979999542 0.0017558918334543705
276.0 0.28475242853164673 0.0012255677720531821 0.28536471724510193 0.0017109329346567392
277.0 0.28521108627319336 0.0014092304045334458 0.28534117341041565 0.0017168031772598624
278.0 0.2844303250312805 0.0012210572604089975 0.285447895526886 0.001751337549649179
279.0 0.284734308719635 0.0012465344043448567 0.28544852137565613 0.001751180854626
280.0 0.28454816341400146 0.0012358649400994182 0.285434752702713 0.0017495255451649427
281.0 0.2845759987831116 0.0012138481251895428 0.28542402386665344 0.0017450765008106828
282.0 0.2851022183895111 0.001478326041251421 0.285357266664505 0.001732188742607832
283.0 0.28484922647476196 0.0012757942313328385 0.28530165553092957 0.00169469160027802
284.0 0.28467223048210144 0.0013434478314593434 0.2853834331035614 0.0017207873752340674
285.0 0.2846437394618988 0.0012528469087556005 0.2854320704936981 0.001745389774441719
286.0 0.28459328413009644 0.0012193481670692563 0.2853725552558899 0.0017245199996978045
287.0 0.28496304154396057 0.0014333968283608556 0.28534606099128723 0.0017052735202014446
288.0 0.2846440374851227 0.0012888689525425434 0.285330593585968 0.0017112012719735503
289.0 0.28466546535491943 0.0012484374456107616 0.285389244556427 0.0017429491272196174
290.0 0.2851369082927704 0.0013939611380919814 0.28530940413475037 0.0017085149884223938
291.0 0.28513267636299133 0.00144667224958539 0.2853206992149353 0.0017259400337934494
292.0 0.2847111225128174 0.0012654582969844341 0.2853938043117523 0.0017292541451752186
293.0 0.2851780951023102 0.0013669210020452738 0.28532108664512634 0.0017045241547748446
294.0 0.2848092019557953 0.0013550076400861144 0.2853560149669647 0.0017214579274877906
295.0 0.2846352159976959 0.0012629491975530982 0.28534767031669617 0.001726774382404983
296.0 0.2859368920326233 0.0016867187805473804 0.2853494882583618 0.0017176747787743807
297.0 0.2852265536785126 0.0014489577151834965 0.28532254695892334 0.001704295165836811
298.0 0.28466182947158813 0.0012869879137724638 0.2853547930717468 0.001725751324556768
299.0 0.28448134660720825 0.0011960086412727833 0.28534603118896484 0.0017225410556420684
300.0 0.28572702407836914 0.0016806561034172773 0.28526613116264343 0.0016872055130079389
301.0 0.28513893485069275 0.0014121861895546317 0.2853718101978302 0.001736877835355699
302.0 0.2845712900161743 0.0012390282936394215 0.28527599573135376 0.001706046867184341
303.0 0.2846202552318573 0.0012084459885954857 0.2853480279445648 0.0017162077128887177
304.0 0.28480303287506104 0.0012557165464386344 0.28532272577285767 0.0017040593083947897
305.0 0.2843628227710724 0.0011890958994626999 0.28545090556144714 0.0017633327515795827
306.0 0.28493624925613403 0.0014090181794017553 0.28526878356933594 0.0016926818061619997
307.0 0.28491684794425964 0.0012625723611563444 0.2851957082748413 0.0016744770109653473
308.0 0.2846132814884186 0.00125644460786134 0.2852267622947693 0.0016731382347643375
309.0 0.28463414311408997 0.0012336306972429156 0.2853221893310547 0.0017247622599825263
310.0 0.28473860025405884 0.0012684355024248362 0.2851969301700592 0.0016644707648083568
311.0 0.28473564982414246 0.0012272449675947428 0.28527143597602844 0.0016837228322401643
312.0 0.2846183180809021 0.0012730612652376294 0.28522321581840515 0.0016732679214328527
313.0 0.28453528881073 0.0012548264348879457 0.28524327278137207 0.001678061205893755
314.0 0.28483450412750244 0.0013504736125469208 0.2852957248687744 0.0017139308620244265
315.0 0.28432396054267883 0.0011829467257484794 0.2853533625602722 0.0017198965651914477
316.0 0.28434616327285767 0.0011734225554391742 0.285269558429718 0.0016906416276469827
317.0 0.284731924533844 0.001289338106289506 0.2852150797843933 0.0016640397952869534
318.0 0.2847728431224823 0.0012396412203088403 0.2852083444595337 0.0016666894080117345
319.0 0.2857118844985962 0.0015283275861293077 0.28521865606307983 0.0016672073397785425
320.0 0.28521934151649475 0.001437777653336525 0.28523075580596924 0.0016809619264677167
321.0 0.2844935953617096 0.0011883564293384552 0.2852573096752167 0.0016931556165218353
322.0 0.28444036841392517 0.0012363699497655034 0.28525030612945557 0.0016963816015049815
323.0 0.28666990995407104 0.0020554056391119957 0.2852829396724701 0.0016993312165141106
324.0 0.2895800769329071 0.0031595288310199976 0.2852413058280945 0.0016886481316760182
325.0 0.28441712260246277 0.001151619479060173 0.2852347493171692 0.0016926508396863937
326.0 0.2848655581474304 0.0012623642105609179 0.2852502763271332 0.0016803337493911386
327.0 0.28812211751937866 0.002668023342266679 0.28521355986595154 0.001670022844336927
328.0 0.28506556153297424 0.001503853127360344 0.28516849875450134 0.0016630550380796194
329.0 0.2843088209629059 0.0011711097322404385 0.2851899564266205 0.0016878951573744416
330.0 0.28454825282096863 0.0012235051253810525 0.28521785140037537 0.0016852066619321704
331.0 0.2875576317310333 0.0024732586462050676 0.2852437496185303 0.0016889357939362526
332.0 0.2853604853153229 0.0016021877527236938 0.28526508808135986 0.001698862062767148
333.0 0.2843477129936218 0.0012230654247105122 0.2851990759372711 0.0016534386668354273
334.0 0.2845258414745331 0.0011860858649015427 0.28519120812416077 0.001666675554588437
335.0 0.2843301296234131 0.0011769712436944246 0.28517961502075195 0.0016737519763410091
336.0 0.2847754657268524 0.0012660466600209475 0.28518345952033997 0.0016573505708947778
337.0 0.2849644124507904 0.001365550677292049 0.28520047664642334 0.0016676279483363032
338.0 0.28444525599479675 0.0011658231960609555 0.28526127338409424 0.001701093977317214
339.0 0.28437086939811707 0.0011772369034588337 0.2851655185222626 0.0016535957111045718
340.0 0.28762751817703247 0.002452727872878313 0.28515753149986267 0.0016612287145107985
341.0 0.2852000594139099 0.0015250148717314005 0.28516992926597595 0.0016583660617470741
342.0 0.2844585180282593 0.0012081409804522991 0.2851623594760895 0.0016510429559275508
343.0 0.28447777032852173 0.0012140723410993814 0.28512251377105713 0.0016520516946911812
344.0 0.2843286097049713 0.0011880123056471348 0.28514033555984497 0.0016476870514452457
345.0 0.28466108441352844 0.0013377501163631678 0.2851482927799225 0.0016473520081490278
346.0 0.2843153476715088 0.0011607997585088015 0.2851220667362213 0.001655189087614417
347.0 0.28463658690452576 0.0011901103425770998 0.28519344329833984 0.0016778443241491914
348.0 0.28449776768684387 0.001222421764396131 0.2851354777812958 0.0016375113045796752
349.0 0.2847749888896942 0.0014169206842780113 0.28512680530548096 0.00164889229927212
350.0 0.2846173346042633 0.0013170569436624646 0.28522324562072754 0.0016730251954868436
351.0 0.28438475728034973 0.0011412558378651738 0.28511738777160645 0.0016459546750411391
352.0 0.2854189872741699 0.0013769217766821384 0.285155713558197 0.0016492241993546486
353.0 0.2846531867980957 0.001231586211360991 0.28512027859687805 0.0016378978034481406
354.0 0.2847454845905304 0.0013922624057158828 0.2851766347885132 0.0016652507474645972
355.0 0.284505695104599 0.0011884787818416953 0.2851353883743286 0.0016616195207461715
356.0 0.2847534120082855 0.001263035461306572 0.2850983142852783 0.001640763133764267
357.0 0.28452953696250916 0.001299586845561862 0.28513655066490173 0.001645778538659215
358.0 0.28470152616500854 0.0012511659879237413 0.2851065695285797 0.0016665777657181025
359.0 0.285122275352478 0.001356925000436604 0.28511470556259155 0.001640239730477333
360.0 0.2845030426979065 0.001256380113773048 0.285169392824173 0.001655866508372128
361.0 0.28442832827568054 0.001170604140497744 0.2850792109966278 0.0016339209396392107
362.0 0.28499650955200195 0.0014920536195859313 0.28511661291122437 0.0016432187985628843
363.0 0.2853084206581116 0.0014044215204194188 0.2850978672504425 0.0016334005631506443
364.0 0.28435683250427246 0.001134950085543096 0.28512802720069885 0.001643537892960012
365.0 0.2843194305896759 0.0011482705594971776 0.2850538492202759 0.0016280495328828692
366.0 0.28422293066978455 0.0011477054795250297 0.2851791977882385 0.001664789509959519
367.0 0.28447481989860535 0.0012598519679158926 0.2850823402404785 0.001631794380955398
368.0 0.28481152653694153 0.0012859624112024903 0.2851119041442871 0.0016301872674375772
369.0 0.28534093499183655 0.0015747712459415197 0.28519880771636963 0.0016712489305064082
370.0 0.2848818898200989 0.0014530345797538757 0.28506016731262207 0.0016196122160181403
371.0 0.28454354405403137 0.001202981686219573 0.28512588143348694 0.0016475142911076546
372.0 0.2845805883407593 0.0012603758368641138 0.2851807773113251 0.0016790905501693487
373.0 0.2843078374862671 0.0011882241815328598 0.2850814759731293 0.0016294836532324553
374.0 0.285176545381546 0.0013930770801380277 0.2850232720375061 0.0016091852448880672
375.0 0.28425952792167664 0.0011184251634404063 0.2850843369960785 0.0016325820470228791
376.0 0.28477632999420166 0.0012160665355622768 0.2849569320678711 0.0015776604413986206
377.0 0.28448352217674255 0.0012645293027162552 0.2851437032222748 0.0016481081256642938
378.0 0.284315824508667 0.0011514236684888601 0.2851157486438751 0.0016532260924577713
379.0 0.2843683362007141 0.0011873070616275072 0.28502631187438965 0.0016181810060516
380.0 0.2842993438243866 0.0011490080505609512 0.2849562168121338 0.0015827942406758666
381.0 0.2848696708679199 0.0013627433218061924 0.28508511185646057 0.0016184248961508274
382.0 0.2843590974807739 0.0012265951372683048 0.28504711389541626 0.0016141190426424146
383.0 0.2845029830932617 0.0011677362490445375 0.28509390354156494 0.0016397215658798814
384.0 0.28534066677093506 0.0015114229172468185 0.2850179672241211 0.001611168496310711
385.0 0.28438273072242737 0.0011657944414764643 0.285066157579422 0.0016285988967865705
386.0 0.2842057943344116 0.001152685028500855 0.28508520126342773 0.0016415592981502414
387.0 0.2847673296928406 0.0013727854238823056 0.2850536108016968 0.0016201219987124205
388.0 0.2843207120895386 0.001142007065936923 0.2851024866104126 0.001629493897780776
389.0 0.28454285860061646 0.0012127732625231147 0.28504660725593567 0.0016265595331788063
390.0 0.28518372774124146 0.0013622590340673923 0.28502941131591797 0.0016135118203237653
391.0 0.28452709317207336 0.0012379398103803396 0.28508883714675903 0.0016309814527630806
392.0 0.2873048186302185 0.002201717346906662 0.2849234640598297 0.0015756665961816907
393.0 0.2842828631401062 0.0011024617124348879 0.28504323959350586 0.0016257870011031628
394.0 0.28458234667778015 0.0013111463049426675 0.2850494384765625 0.001621808623895049
395.0 0.2844636142253876 0.0012205803068354726 0.28508460521698 0.0016361135058104992
396.0 0.28479474782943726 0.0013146529672667384 0.28509092330932617 0.0016331829829141498
397.0 0.2844967842102051 0.0011796315666288137 0.2849801480770111 0.0015988457016646862
398.0 0.2843335270881653 0.0011424951953813434 0.28504249453544617 0.001624598167836666
399.0 0.28458845615386963 0.001185634988360107 0.28501811623573303 0.0016094151651486754
400.0 0.2855719029903412 0.0014594823587685823 0.28505849838256836 0.001619605696760118
401.0 0.2843930423259735 0.0012193043949082494 0.28496021032333374 0.0015863284934312105
402.0 0.2842380702495575 0.0011174667160958052 0.28502923250198364 0.0016227875603362918
403.0 0.2844550907611847 0.0012020568829029799 0.28497835993766785 0.0016017715679481626
404.0 0.28479424118995667 0.0012647546827793121 0.2850288152694702 0.0016170487506315112
405.0 0.28423193097114563 0.0011591005604714155 0.2849932909011841 0.0015918280696496367
406.0 0.2844178080558777 0.0012467693304643035 0.28496745228767395 0.0016040804330259562
407.0 0.2845739722251892 0.0012037493288516998 0.28497225046157837 0.001586082624271512
408.0 0.2846282422542572 0.001355407410301268 0.2850143313407898 0.0016035876469686627
409.0 0.2844964265823364 0.0012481154408305883 0.2849745452404022 0.001602620119228959
410.0 0.2845509946346283 0.001169038936495781 0.2848840653896332 0.0015596027951687574
411.0 0.2842787206172943 0.0011083605932071805 0.2849743962287903 0.001593133551068604
412.0 0.2842288911342621 0.0011498056119307876 0.2850475311279297 0.0016259715193882585
413.0 0.28433117270469666 0.0011324352817609906 0.2850184142589569 0.001603208016604185
414.0 0.28489285707473755 0.0013979081995785236 0.28499698638916016 0.0015953881666064262
415.0 0.28472018241882324 0.001208693953230977 0.2849673330783844 0.001601571450009942
416.0 0.2845606207847595 0.0012983239721506834 0.28501278162002563 0.0016083333175629377
417.0 0.28424355387687683 0.0011026125866919756 0.28508737683296204 0.00163568917196244
418.0 0.2841641902923584 0.0011355262249708176 0.2849944531917572 0.0016048200195655227
419.0 0.2842682898044586 0.00114025070797652 0.2850911319255829 0.0016383505426347256
420.0 0.28445470333099365 0.0012029499048367143 0.284961074590683 0.0015923621831461787
421.0 0.28417372703552246 0.0011003048857674003 0.28490668535232544 0.0015608799876645207
422.0 0.2841733694076538 0.001138788415119052 0.2849475145339966 0.001598151633515954
423.0 0.28461381793022156 0.0013153799809515476 0.2849194407463074 0.001568955834954977
424.0 0.28494659066200256 0.0014332245336845517 0.2849293351173401 0.0015799092361703515
425.0 0.2843357026576996 0.0011881976388394833 0.28502342104911804 0.001620758674107492
426.0 0.28468480706214905 0.0012506622588261962 0.284955233335495 0.00158722756896168
427.0 0.28457486629486084 0.0011993282241746783 0.28493475914001465 0.001574143418110907
428.0 0.2842029929161072 0.0010885406518355012 0.28491660952568054 0.001581009360961616
429.0 0.28421124815940857 0.001092474558390677 0.2848861515522003 0.0015624560182914138
430.0 0.285366952419281 0.0016100698849186301 0.284953773021698 0.001585077028721571
431.0 0.28904810547828674 0.0028881244361400604 0.2849050760269165 0.0015732089523226023
432.0 0.2841964662075043 0.001110796700231731 0.28502294421195984 0.0016137213679030538
433.0 0.2843902111053467 0.0011834119213744998 0.28498587012290955 0.0016108333365991712
434.0 0.28701716661453247 0.002214164473116398 0.2849660813808441 0.0016006615478545427
435.0 0.2842409610748291 0.001100983819924295 0.2849029302597046 0.001574240392073989
436.0 0.28444117307662964 0.0011872274335473776 0.28485429286956787 0.0015553329139947891
437.0 0.28429073095321655 0.0011298259487375617 0.2849501669406891 0.00159785698633641
438.0 0.28411149978637695 0.0010954738827422261 0.28494492173194885 0.0015862134750932455
439.0 0.284444123506546 0.001172823365777731 0.284927099943161 0.0015856758691370487
440.0 0.284176230430603 0.0011101400014013052 0.2849040925502777 0.0015696948394179344
441.0 0.2842816710472107 0.0011020282981917262 0.28493306040763855 0.0015726049896329641
442.0 0.2843126058578491 0.001115957973524928 0.2848866283893585 0.001572722103446722
443.0 0.2840684950351715 0.0010911694262176752 0.2849804759025574 0.0015966823557391763
444.0 0.2842946946620941 0.0011935398215427995 0.28491902351379395 0.0015805084258317947
445.0 0.2841516435146332 0.00108435214497149 0.2849428355693817 0.0015938457800075412
446.0 0.2843552231788635 0.0011474746279418468 0.2849563956260681 0.0015851625939831138
447.0 0.28467869758605957 0.0012216217583045363 0.2848541736602783 0.001563902711495757
448.0 0.2843315899372101 0.0011936490191146731 0.284934937953949 0.0015831813216209412
449.0 0.2843787670135498 0.0011402553645893931 0.28487569093704224 0.0015724515542387962
450.0 0.2840959429740906 0.0011165834730491042 0.2848384380340576 0.0015535742277279496
451.0 0.28422772884368896 0.0011312091955915093 0.2848513126373291 0.0015538252191618085
452.0 0.2843307554721832 0.0012027098564431071 0.28488919138908386 0.0015775396022945642
453.0 0.2842682898044586 0.0011194583494216204 0.28500428795814514 0.001612949650734663
454.0 0.28413307666778564 0.001077424269169569 0.28485724329948425 0.0015501684974879026
455.0 0.2842843234539032 0.0012170823756605387 0.2848881781101227 0.0015715780900791287
456.0 0.2909148335456848 0.0036195795983076096 0.2849040925502777 0.0015719728544354439
457.0 0.2842916250228882 0.001156591926701367 0.28489771485328674 0.001570091350004077
458.0 0.28428778052330017 0.0012034784303978086 0.2849200367927551 0.0015784876886755228
459.0 0.28484898805618286 0.0012915889965370297 0.2848747670650482 0.0015643988735973835
460.0 0.2849457263946533 0.0014395766193047166 0.28487616777420044 0.0015700022922828794
461.0 0.2842477262020111 0.0011511577758938074 0.2848295271396637 0.0015470872167497873
462.0 0.284293532371521 0.0011794751044362783 0.28488263487815857 0.001577160437591374
463.0 0.28480976819992065 0.0013047552201896906 0.28486791253089905 0.0015705841360613704
464.0 0.28426632285118103 0.0011073320638388395 0.28487685322761536 0.0015638938639312983
465.0 0.28418490290641785 0.001121492707170546 0.2849191129207611 0.001582652097567916
466.0 0.3088209927082062 0.009993049316108227 0.2848512828350067 0.001557577750645578
467.0 0.2843530774116516 0.0012415078235790133 0.2849459648132324 0.0015831191558390856
468.0 0.28454530239105225 0.001267515355721116 0.284786581993103 0.0015339943347498775
469.0 0.2844353914260864 0.0012573986314237118 0.2848552465438843 0.0015516988933086395
470.0 0.28425243496894836 0.0011061920085921884 0.28488799929618835 0.0015605260850861669
471.0 0.2851625978946686 0.0013352105161175132 0.2848373353481293 0.001555024180561304
472.0 0.284191757440567 0.0011792301665991545 0.2848520278930664 0.0015535507118329406
473.0 0.28432756662368774 0.001101361121982336 0.28481554985046387 0.0015428676269948483
474.0 0.2851128578186035 0.0014805180253461003 0.2848093509674072 0.001539762131869793
475.0 0.2840743660926819 0.0011096150847151875 0.28485381603240967 0.0015672442968934774
476.0 0.28424909710884094 0.0010939632775261998 0.2848323583602905 0.0015575041761621833
477.0 0.28415942192077637 0.0011021432001143694 0.2848050594329834 0.0015551253454759717
478.0 0.2848987579345703 0.0013119111536070704 0.28484317660331726 0.0015609944239258766
479.0 0.2840837240219116 0.0010637394152581692 0.2848522663116455 0.0015559837920591235
480.0 0.28468096256256104 0.0013076355680823326 0.28487202525138855 0.001557108131237328
481.0 0.28427761793136597 0.0011171093210577965 0.28484171628952026 0.0015570324612781405
482.0 0.28411027789115906 0.0010859282920137048 0.284751296043396 0.0015263664536178112
483.0 0.2845907509326935 0.0013166815042495728 0.28483453392982483 0.0015490781515836716
484.0 0.2842296361923218 0.001089657424017787 0.28477346897125244 0.0015366248553618789
485.0 0.28510788083076477 0.0014712526462972164 0.28481054306030273 0.0015552463009953499
486.0 0.2842133045196533 0.0011524563888087869 0.2848740816116333 0.0015654457965865731
487.0 0.28403013944625854 0.0010839063907042146 0.2848636209964752 0.0015719012590125203
488.0 0.2841041088104248 0.0010923037771135569 0.28491488099098206 0.0015771957114338875
489.0 0.28406283259391785 0.0010817141737788916 0.28482332825660706 0.001562302466481924
490.0 0.28443750739097595 0.0011938285315409303 0.28479984402656555 0.001540323137305677
491.0 0.28628525137901306 0.0018507774220779538 0.28475379943847656 0.0015138672897592187
492.0 0.2842467725276947 0.0010839063907042146 0.28483062982559204 0.001558984280563891
493.0 0.2843347489833832 0.0011800045613199472 0.28473159670829773 0.0015089376829564571
494.0 0.28419047594070435 0.001088043674826622 0.2847917675971985 0.0015362018020823598
495.0 0.2840755879878998 0.0010997919598594308 0.28482770919799805 0.0015426308382302523
496.0 0.2841961979866028 0.0010829606326296926 0.2847910225391388 0.001530395238660276
497.0 0.28413125872612 0.0010758310090750456 0.284824937582016 0.001553729991428554
498.0 0.2848411798477173 0.001323013100773096 0.2847355604171753 0.0015289108268916607
499.0 0.2840905487537384 0.0010711430804803967 0.2848461866378784 0.0015596201410517097
500.0 0.28414538502693176 0.0011342274956405163 0.28479570150375366 0.0015475094551220536
501.0 0.284334272146225 0.0012135541765019298 0.28477340936660767 0.0015289481962099671
502.0 0.28411978483200073 0.001091045793145895 0.28482523560523987 0.0015497314743697643
503.0 0.28409281373023987 0.0010811634128913283 0.2848212420940399 0.0015553614357486367
504.0 0.28412380814552307 0.0010877818567678332 0.28472885489463806 0.0015174408908933401
505.0 0.284182071685791 0.0010879827896133065 0.28482404351234436 0.0015579346800222993
506.0 0.28506970405578613 0.0013850301038473845 0.28479087352752686 0.001547310035675764
507.0 0.2861008644104004 0.0018763080006465316 0.2847888767719269 0.001545541686937213
508.0 0.28413447737693787 0.0011177636915817857 0.2848455607891083 0.0015582024352625012
509.0 0.2843477725982666 0.0011761966161429882 0.2847979664802551 0.0015420112758874893
510.0 0.28427034616470337 0.0011398368515074253 0.28477832674980164 0.0015326625434681773
511.0 0.2842296063899994 0.0011131255887448788 0.28481727838516235 0.0015491710510104895
512.0 0.28402671217918396 0.0010591308819130063 0.2847219407558441 0.0015214753802865744
513.0 0.284258633852005 0.0011381929507479072 0.2847820818424225 0.0015344825806096196
514.0 0.28402769565582275 0.0010599273955449462 0.2847793400287628 0.001541144447401166
515.0 0.28416556119918823 0.0011250626994296908 0.2847541272640228 0.0015223209047690034
516.0 0.28568172454833984 0.0016886723460629582 0.2847312390804291 0.0015222886577248573
517.0 0.28412535786628723 0.0010638642124831676 0.28485211730003357 0.0015550570096820593
518.0 0.2841605544090271 0.0011187216732650995 0.28483542799949646 0.0015538277802988887
519.0 0.2841593325138092 0.0011149871861562133 0.28476688265800476 0.00152874446939677
520.0 0.28499138355255127 0.0013011036207899451 0.28473609685897827 0.001532836235128343
521.0 0.28736940026283264 0.002350826980546117 0.2847127914428711 0.00151280767749995
522.0 0.284109503030777 0.0011070070322602987 0.2847955822944641 0.0015512572135776281
523.0 0.2843143939971924 0.001242944854311645 0.284721702337265 0.00151246867608279
524.0 0.2843452990055084 0.0011640562443062663 0.2846812307834625 0.0015038513811305165
525.0 0.2840067446231842 0.0010615442879498005 0.28480106592178345 0.0015445828903466463
526.0 0.2845882773399353 0.0012383854482322931 0.28467851877212524 0.0014960836851969361
527.0 0.2842407524585724 0.0012016172986477613 0.2846928834915161 0.0015020157443359494
528.0 0.2840733528137207 0.0010818436276167631 0.28477585315704346 0.0015389564214274287
529.0 0.2840156853199005 0.001079827663488686 0.2847573161125183 0.0015308880247175694
530.0 0.28401562571525574 0.00107174227014184 0.2847334146499634 0.0015185556840151548
531.0 0.28449469804763794 0.0011161764850839972 0.2847256362438202 0.0015162031631916761
532.0 0.28406402468681335 0.001101071946322918 0.28475522994995117 0.0015205357922241092
533.0 0.2841411828994751 0.001083791721612215 0.28470736742019653 0.0015121848555281758
534.0 0.2842203974723816 0.0010958160273730755 0.2847828269004822 0.001533782808110118
535.0 0.2840293049812317 0.001057448796927929 0.28476452827453613 0.0015362990088760853
536.0 0.28467047214508057 0.0012536704307422042 0.284760445356369 0.001528264256194234
537.0 0.28411009907722473 0.0010621171677485108 0.28478702902793884 0.0015476836124435067
538.0 0.28398600220680237 0.0010684747248888016 0.28483712673187256 0.001552465371787548
539.0 0.2843705117702484 0.0011543850414454937 0.28475362062454224 0.0015249671414494514
540.0 0.2841864824295044 0.0010973488679155707 0.28472763299942017 0.0015229281270876527
541.0 0.284094899892807 0.0010621449910104275 0.28477171063423157 0.0015331070171669126
542.0 0.2842372953891754 0.0012111737160012126 0.28466248512268066 0.0015034839743748307
543.0 0.28410977125167847 0.001124211703427136 0.28476399183273315 0.001530649489723146
544.0 0.2841491401195526 0.0010953907622024417 0.2846755385398865 0.0015094431582838297
545.0 0.28404903411865234 0.0010884642833843827 0.28475528955459595 0.0015316478675231338
546.0 0.2845410704612732 0.001203298568725586 0.28476089239120483 0.0015292478492483497
547.0 0.2842373847961426 0.0010771132074296474 0.2847244143486023 0.0015287857968360186
548.0 0.28400418162345886 0.0010904611553996801 0.2847099006175995 0.0015223127556964755
549.0 0.28414735198020935 0.0011257223086431623 0.2846856415271759 0.0015077173011377454
550.0 0.2900563180446625 0.0033177188597619534 0.2846875786781311 0.0015057196142151952
551.0 0.2840730845928192 0.001072949031367898 0.284695029258728 0.0015110947424545884
552.0 0.28437092900276184 0.0011407824931666255 0.28468814492225647 0.0015078240539878607
553.0 0.2840699255466461 0.001086475676856935 0.28473585844039917 0.00152931350748986
554.0 0.2841967046260834 0.0011790761491283774 0.28469711542129517 0.0015147801022976637
555.0 0.28397655487060547 0.001048297039233148 0.28473156690597534 0.0015262083616107702
556.0 0.2840005159378052 0.0010722996667027473 0.28463608026504517 0.001480853883549571
557.0 0.2841198146343231 0.001126360148191452 0.284795880317688 0.0015513452235609293
558.0 0.28398752212524414 0.0010568024590611458 0.2846650183200836 0.0015078092692419887
559.0 0.28428229689598083 0.0011080962140113115 0.28468576073646545 0.0015075876144692302
560.0 0.28405943512916565 0.0010715556563809514 0.28467878699302673 0.001513638999313116
561.0 0.2841712534427643 0.0011186463525518775 0.28469493985176086 0.001523644314147532
562.0 0.28882282972335815 0.0025915754958987236 0.2846395671367645 0.0014897967921569943
563.0 0.2844224274158478 0.0011618990683928132 0.28469014167785645 0.0015040694270282984
564.0 0.2840684652328491 0.00105185410939157 0.2846112847328186 0.0014897939981892705
565.0 0.2846859395503998 0.0013047723332419991 0.28467118740081787 0.0015073770191520452
566.0 0.28475090861320496 0.0012883018935099244 0.28470921516418457 0.0015177943278104067
567.0 0.28419432044029236 0.0011141197755932808 0.28470298647880554 0.0015104871708899736
568.0 0.28429114818573 0.001159405685029924 0.284676730632782 0.0015030577778816223
569.0 0.28435850143432617 0.001141559099778533 0.28466665744781494 0.0015021226136013865
570.0 0.2841426134109497 0.0011214542901143432 0.2845908999443054 0.0014752020360901952
571.0 0.2839553952217102 0.0010463561629876494 0.284697562456131 0.001517060911282897
572.0 0.2846328020095825 0.0013188673183321953 0.28466638922691345 0.0014985576272010803
573.0 0.2841157019138336 0.0011090642074123025 0.2846718728542328 0.0015041135484352708
574.0 0.28451862931251526 0.0012708553113043308 0.284721702337265 0.0015190980629995465
575.0 0.2839994430541992 0.0010606965515762568 0.28472694754600525 0.0015153309796005487
576.0 0.2892807424068451 0.0030013641808182 0.28465867042541504 0.0015053295064717531
577.0 0.28416889905929565 0.001095085171982646 0.2847355604171753 0.001531193032860756
578.0 0.28542348742485046 0.0016150819137692451 0.2846745252609253 0.001500506536103785
579.0 0.2839736044406891 0.0010386236244812608 0.2847134470939636 0.0015270222211256623
580.0 0.2844351530075073 0.001184249995276332 0.28463831543922424 0.0014933678321540356
581.0 0.28435152769088745 0.0011447436409071088 0.28463688492774963 0.0014948740135878325
582.0 0.28418371081352234 0.0010931306751444936 0.28466352820396423 0.001506562577560544
583.0 0.2842049300670624 0.00114512350410223 0.28469544649124146 0.001512281596660614
584.0 0.2842547595500946 0.0011294713476672769 0.28469178080558777 0.0015167772071436048
585.0 0.28407686948776245 0.0010605568531900644 0.2846820652484894 0.0015271473675966263
586.0 0.28417208790779114 0.0011062383418902755 0.2847408354282379 0.001524005550891161
587.0 0.2841102182865143 0.0010915568564087152 0.2846406400203705 0.0014935830840840936
588.0 0.2841704785823822 0.0011541493004187942 0.284614235162735 0.0014860064256936312
589.0 0.2841796576976776 0.0011365084210410714 0.28463509678840637 0.0014956191880628467
590.0 0.28424760699272156 0.0010812965920194983 0.2845957577228546 0.0014724158681929111
591.0 0.2843568027019501 0.0011127013713121414 0.28472286462783813 0.0015181057387962937
592.0 0.2843339145183563 0.001096966676414013 0.28469520807266235 0.0015151704428717494
593.0 0.2839341461658478 0.0010370718082413077 0.2845737040042877 0.001464318367652595
594.0 0.28414708375930786 0.0010877272579818964 0.28467780351638794 0.001515472074970603
595.0 0.2841363251209259 0.0011028010630980134 0.28459566831588745 0.001484437845647335
596.0 0.2842840850353241 0.001132466713897884 0.2847248315811157 0.001528472057543695
597.0 0.2841407358646393 0.0011292234994471073 0.28463709354400635 0.0014914546627551317
598.0 0.28390127420425415 0.001027249381877482 0.2846429944038391 0.0014928964665159583
599.0 0.2840229272842407 0.0010522924130782485 0.28466615080833435 0.0015089804073795676
600.0 0.2840784192085266 0.0010526874102652073 0.2847110629081726 0.0015323911793529987
601.0 0.28401169180870056 0.0010766382329165936 0.28474265336990356 0.0015345929423347116
602.0 0.2841950058937073 0.0011340624187141657 0.2846463620662689 0.001495344564318657
603.0 0.28416958451271057 0.0011771712452173233 0.284647673368454 0.0014919521054252982
604.0 0.28447726368904114 0.0012271951418370008 0.28458139300346375 0.0014778306940570474
605.0 0.28488507866859436 0.0014330188278108835 0.28455227613449097 0.0014614172978326678
606.0 0.284201979637146 0.0011018190998584032 0.2846886217594147 0.0015186227392405272
607.0 0.28477534651756287 0.0013276059180498123 0.2846474051475525 0.001501916442066431
608.0 0.28410643339157104 0.0010745993349701166 0.2846481204032898 0.0014998576370999217
609.0 0.28422868251800537 0.0011048553278669715 0.284662663936615 0.001506021129898727
610.0 0.28419801592826843 0.0011611750815063715 0.2846275866031647 0.0014995287638157606
611.0 0.2841489315032959 0.0011426572455093265 0.2846474349498749 0.0015005596214905381
612.0 0.2844712436199188 0.0011760328197851777 0.2846657931804657 0.0015131066320464015
613.0 0.28401699662208557 0.0010424340143799782 0.2846335768699646 0.0014966485323384404
614.0 0.2840675711631775 0.001062446041032672 0.2846241593360901 0.0014893561601638794
615.0 0.2841607630252838 0.0011481428518891335 0.28463658690452576 0.0014924064744263887
616.0 0.2839887738227844 0.001052939216606319 0.28459402918815613 0.001483440981246531
617.0 0.2840815484523773 0.0011093185748904943 0.2846314013004303 0.001487918314523995
618.0 0.2842751145362854 0.0011557054240256548 0.2846011519432068 0.001479522092267871
619.0 0.2841367721557617 0.0010641427943482995 0.28453636169433594 0.0014564227312803268
620.0 0.28414061665534973 0.0010547067504376173 0.2846618592739105 0.00150255486369133
621.0 0.2841615676879883 0.0010929842246696353 0.2845982611179352 0.0014866380952298641
622.0 0.283983439207077 0.0010867813834920526 0.28459426760673523 0.0014830658910796046
623.0 0.28396207094192505 0.0011005447013303638 0.2846105992794037 0.0014879312366247177
624.0 0.2838929295539856 0.0010591032914817333 0.2845798134803772 0.001482618972659111
625.0 0.28402578830718994 0.0010391749674454331 0.2846314013004303 0.0014882131945341825
626.0 0.28401562571525574 0.0010894200531765819 0.2845541536808014 0.0014684796333312988
627.0 0.2839331328868866 0.0010390515672042966 0.28457778692245483 0.0014729391550645232
628.0 0.28409838676452637 0.0010830187238752842 0.2845912575721741 0.0014857725473120809
629.0 0.28403347730636597 0.0010657192906364799 0.2846035957336426 0.001476957113482058
630.0 0.284008264541626 0.0010772072710096836 0.28460216522216797 0.0014877826906740665
631.0 0.28427109122276306 0.0011086531449109316 0.2845693528652191 0.0014717216836288571
632.0 0.28434279561042786 0.0011451025493443012 0.28451621532440186 0.001452333410270512
633.0 0.2839619815349579 0.0010779272997751832 0.2846479117870331 0.0014968988252803683
634.0 0.28416600823402405 0.001183748827315867 0.2845723330974579 0.001465545385144651
635.0 0.2839818596839905 0.0010254929075017571 0.28459200263023376 0.0014829864958301187
636.0 0.2842523157596588 0.0011022675316780806 0.2845350205898285 0.0014574277447536588
637.0 0.2838965952396393 0.0010523312957957387 0.28456035256385803 0.0014703602064400911
638.0 0.2849184274673462 0.0014013925101608038 0.2845425009727478 0.0014616306871175766
639.0 0.2839614152908325 0.0010721387807279825 0.28455305099487305 0.00147668004501611
640.0 0.28398507833480835 0.0010745429899543524 0.28458794951438904 0.0014788280241191387
641.0 0.2842927575111389 0.0011259583989158273 0.2846389710903168 0.0015058385906741023
642.0 0.2862672507762909 0.0018531880341470242 0.2845889627933502 0.001482961350120604
643.0 0.2839415371417999 0.0010331610683351755 0.28456494212150574 0.0014701182954013348
644.0 0.2845497131347656 0.0012981945183128119 0.28460413217544556 0.001481635496020317
645.0 0.28420138359069824 0.0011491769691929221 0.2845243215560913 0.0014569301856681705
646.0 0.284587025642395 0.0011675070272758603 0.2846236526966095 0.0014918642118573189
647.0 0.28388628363609314 0.001031240331940353 0.2845264673233032 0.0014666100032627583
648.0 0.28463995456695557 0.0012154134456068277 0.2845851182937622 0.0014739450998604298
649.0 0.28412508964538574 0.0010631749173626304 0.28464236855506897 0.0015042719896882772
650.0 0.2840367555618286 0.0010640479158610106 0.28456735610961914 0.0014804594684392214
651.0 0.28394198417663574 0.0010368438670411706 0.28459054231643677 0.0014783841324970126
652.0 0.28392282128334045 0.0010637748055160046 0.28460654616355896 0.0014878580113872886
653.0 0.2839218080043793 0.0010325449984520674 0.28458917140960693 0.0014877093490213156
654.0 0.28401097655296326 0.0010413476265966892 0.2845560312271118 0.0014669786905869842
655.0 0.2842346131801605 0.0011142927687615156 0.28457146883010864 0.001471176859922707
656.0 0.284417062997818 0.001300545409321785 0.28452351689338684 0.0014607156626880169
657.0 0.2839542031288147 0.0010377095313742757 0.28459784388542175 0.0014935033395886421
658.0 0.28422293066978455 0.0011907886946573853 0.28449952602386475 0.0014490617904812098
659.0 0.2840396463871002 0.0010381154716014862 0.28459540009498596 0.001484914100728929
660.0 0.2839062511920929 0.001024102559313178 0.28453078866004944 0.0014703376218676567
661.0 0.2840970754623413 0.001105788629502058 0.2845527231693268 0.0014674050034955144
662.0 0.2841039299964905 0.0011179724242538214 0.2846028506755829 0.0014836727641522884
663.0 0.28429120779037476 0.0011974521912634373 0.2845272123813629 0.0014619908761233091
664.0 0.2852623760700226 0.00158997206017375 0.28449201583862305 0.0014502297854050994
665.0 0.28406184911727905 0.0010449581313878298 0.2845574617385864 0.0014704295899719
666.0 0.2861243188381195 0.0019035795703530312 0.2845308482646942 0.001465227804146707
667.0 0.28440529108047485 0.0011237941216677427 0.28454551100730896 0.0014739286853000522
668.0 0.284465491771698 0.0013116755289956927 0.28453269600868225 0.0014567541657015681
669.0 0.283993661403656 0.0011240285821259022 0.28459781408309937 0.001485164393670857
670.0 0.28419944643974304 0.0011508383322507143 0.2845844328403473 0.0014813054585829377
671.0 0.28410249948501587 0.0011534900404512882 0.2845381796360016 0.0014634899562224746
672.0 0.2838384807109833 0.0010253683431074023 0.2846044600009918 0.0014890540624037385
673.0 0.28438323736190796 0.0011371057480573654 0.2846203148365021 0.0014952572528272867
674.0 0.28386780619621277 0.001045841258019209 0.2845175266265869 0.0014548376202583313
675.0 0.28396353125572205 0.0010307495249435306 0.28455850481987 0.0014686756767332554
676.0 0.283824622631073 0.0010210807668045163 0.28457164764404297 0.0014744142536073923
677.0 0.2838801443576813 0.0010273513616994023 0.28448715806007385 0.0014534129295498133
678.0 0.2843073606491089 0.0011756742605939507 0.28450918197631836 0.0014682975597679615
679.0 0.2839908003807068 0.0010303988819941878 0.2845846116542816 0.001478921971283853
680.0 0.28419870138168335 0.0011884680716320872 0.2845313847064972 0.0014702052576467395
681.0 0.2839278280735016 0.0010243691504001617 0.2845291197299957 0.0014600346330553293
682.0 0.28393039107322693 0.001021323841996491 0.28454044461250305 0.001467040623538196
683.0 0.2839656472206116 0.0010316192638128996 0.28451356291770935 0.001461382140405476
684.0 0.28401121497154236 0.001117082079872489 0.28451302647590637 0.0014690062962472439
685.0 0.2839765250682831 0.0010842010378837585 0.2844642400741577 0.0014380490174517035
686.0 0.28391748666763306 0.0010504787787795067 0.28453096747398376 0.001447824528440833
687.0 0.28383922576904297 0.0010053562000393867 0.28458529710769653 0.001484491745941341
688.0 0.28424176573753357 0.0012029880890622735 0.28444522619247437 0.001433268771506846
689.0 0.2839656174182892 0.0010779212461784482 0.28452128171920776 0.0014590787468478084
690.0 0.2839719355106354 0.0010782553581520915 0.28448328375816345 0.0014482781989499927
691.0 0.28398263454437256 0.0010733046801760793 0.28451457619667053 0.0014536083908751607
692.0 0.2840441167354584 0.001076078275218606 0.2845172584056854 0.0014671048847958446
693.0 0.28417837619781494 0.0011833030730485916 0.28453338146209717 0.001469890703447163
694.0 0.2842668890953064 0.0011948035098612309 0.2844986021518707 0.0014509259490296245
695.0 0.2845792770385742 0.001282637706026435 0.28455808758735657 0.0014681658940389752
696.0 0.28429678082466125 0.0011400326620787382 0.28452467918395996 0.0014563354197889566
697.0 0.28575289249420166 0.0017739316681399941 0.2844826877117157 0.001449541188776493
698.0 0.28424254059791565 0.0011422800598666072 0.28452321887016296 0.001467240508645773
699.0 0.28398653864860535 0.001070660538971424 0.2844485640525818 0.0014388429699465632
700.0 0.2839234471321106 0.00104270048905164 0.28450971841812134 0.0014504475984722376
701.0 0.28398916125297546 0.0010613545309752226 0.28450748324394226 0.0014513080241158605
702.0 0.28398677706718445 0.0010204147547483444 0.28458207845687866 0.0014734867727383971
703.0 0.284037709236145 0.0010558346984907985 0.2845078408718109 0.001456653350032866
704.0 0.28395596146583557 0.0010308973724022508 0.28446197509765625 0.0014475162606686354
705.0 0.2842516005039215 0.0011425553821027279 0.28449636697769165 0.0014449588488787413
706.0 0.28386935591697693 0.0010345918126404285 0.2845672070980072 0.0014820117503404617
707.0 0.2842128276824951 0.0010852690320461988 0.28456413745880127 0.001479341764934361
708.0 0.28388530015945435 0.0010253597283735871 0.2844354808330536 0.0014412007294595242
709.0 0.28433260321617126 0.001262332545593381 0.2845235764980316 0.001454778597690165
710.0 0.28386303782463074 0.0010392727563157678 0.2845636308193207 0.0014830772997811437
711.0 0.2847941815853119 0.0014003193937242031 0.2844943702220917 0.0014565022429451346
712.0 0.2844010293483734 0.0011711159022524953 0.28442034125328064 0.0014355011517181993
713.0 0.28387001156806946 0.0010427008382976055 0.28450489044189453 0.0014505613362416625
714.0 0.28405165672302246 0.0010682391002774239 0.2844816744327545 0.0014449356822296977
715.0 0.28397658467292786 0.0010676943929865956 0.28448134660720825 0.001447342336177826
716.0 0.2840732932090759 0.001041092211380601 0.284506618976593 0.0014647742500528693
717.0 0.2839682102203369 0.0010791763197630644 0.2844752073287964 0.001447269576601684
718.0 0.2842593491077423 0.0011053807102143764 0.28450995683670044 0.0014603182207792997
719.0 0.28402620553970337 0.0010542083764448762 0.2845054566860199 0.0014567478792741895
720.0 0.28456220030784607 0.001242933445610106 0.28448423743247986 0.0014557905960828066
721.0 0.28389352560043335 0.0010425725486129522 0.28445518016815186 0.0014469908783212304
722.0 0.2867826521396637 0.0021650362759828568 0.2844447195529938 0.0014289646642282605
723.0 0.28430160880088806 0.001128606265410781 0.28454408049583435 0.0014671116368845105
724.0 0.28459519147872925 0.0012667776318266988 0.2844638228416443 0.0014418314676731825
725.0 0.2842228412628174 0.0010980073129758239 0.2845592200756073 0.0014826387632638216
726.0 0.28384703397750854 0.0010095515754073858 0.2845191955566406 0.0014601083239540458
727.0 0.2838354706764221 0.001035241293720901 0.2845061123371124 0.0014690242242068052
728.0 0.28416579961776733 0.0011277550365775824 0.2845633029937744 0.0014755228767171502
729.0 0.28411856293678284 0.0010815782006829977 0.2844683527946472 0.001441845204681158
730.0 0.2859448790550232 0.0016598093789070845 0.28447404503822327 0.0014507303712889552
731.0 0.28401532769203186 0.0010773579124361277 0.284537136554718 0.0014684542547911406
732.0 0.28381863236427307 0.0010029772529378533 0.28450632095336914 0.0014598979614675045
733.0 0.2840854823589325 0.0010986095294356346 0.28447625041007996 0.0014441075036302209
734.0 0.2838500440120697 0.0010101370280608535 0.28449955582618713 0.0014526997692883015
735.0 0.2842267155647278 0.0011655306443572044 0.2845003008842468 0.001459962222725153
736.0 0.2840309739112854 0.0011198932770639658 0.2844266891479492 0.0014305770164355636
737.0 0.28485360741615295 0.0014566978206858039 0.28439944982528687 0.0014123055152595043
738.0 0.2839379906654358 0.0010391161777079105 0.28449344635009766 0.001449978444725275
739.0 0.28382882475852966 0.0010259716073051095 0.28447890281677246 0.0014461505925282836
740.0 0.283974826335907 0.0010883872164413333 0.284481942653656 0.0014388103736564517
741.0 0.2845999002456665 0.001204841653816402 0.28438958525657654 0.0014120048144832253
742.0 0.28382226824760437 0.0010198961244896054 0.28443342447280884 0.0014339537592604756
743.0 0.28409379720687866 0.0011735438602045178 0.28440192341804504 0.0014244389021769166
744.0 0.2841510772705078 0.0011100922711193562 0.2844827175140381 0.001451287535019219
745.0 0.28381115198135376 0.0010220843832939863 0.28448137640953064 0.0014457114739343524
746.0 0.28405413031578064 0.0011085870210081339 0.2844584584236145 0.0014410840813070536
747.0 0.283875048160553 0.0010169637389481068 0.28442850708961487 0.0014316998422145844
748.0 0.28450334072113037 0.001188367372378707 0.2846015989780426 0.0014875588240101933
749.0 0.2840729057788849 0.0010909568518400192 0.28440606594085693 0.0014297463931143284
750.0 0.2842629551887512 0.0012127645313739777 0.28439491987228394 0.0014212869573384523
751.0 0.28378719091415405 0.0010190672473981977 0.28447043895721436 0.0014474316267296672
752.0 0.283895879983902 0.0010085992980748415 0.2844690978527069 0.0014493303606286645
753.0 0.2838725447654724 0.001043143100105226 0.2844100594520569 0.0014208656502887607
754.0 0.2851339280605316 0.0014774482697248459 0.28442275524139404 0.0014379675267264247
755.0 0.2842380404472351 0.0011707886587828398 0.2845127582550049 0.0014672973193228245
756.0 0.2838728129863739 0.0010201382683590055 0.2844749093055725 0.001448614289984107
757.0 0.28404930233955383 0.0010861039627343416 0.2844816744327545 0.001452810363844037
758.0 0.28421398997306824 0.0011837215861305594 0.284506231546402 0.0014659734442830086
759.0 0.2851370871067047 0.001467759720981121 0.2844359874725342 0.001430691801942885
760.0 0.2837912440299988 0.001010156818665564 0.28446778655052185 0.0014385577524080873
761.0 0.28390681743621826 0.0010299612767994404 0.28443822264671326 0.0014490174362435937
762.0 0.2839810252189636 0.0010725217871367931 0.28441089391708374 0.0014165218453854322
763.0 0.2839481234550476 0.0010266349418088794 0.28435835242271423 0.001405610702931881
764.0 0.2857719659805298 0.0017403217498213053 0.2844342887401581 0.0014358193147927523
765.0 0.2841685712337494 0.0011037917574867606 0.2845234274864197 0.0014667731011286378
766.0 0.2841522991657257 0.0011466305004432797 0.28446656465530396 0.0014370608842000365
767.0 0.28448349237442017 0.0012808184837922454 0.28437095880508423 0.00140957604162395
768.0 0.2839275002479553 0.0010529214050620794 0.28438594937324524 0.0014208357315510511
769.0 0.2837926745414734 0.0010023898212239146 0.28446686267852783 0.0014513138448819518
770.0 0.28386324644088745 0.0010387711226940155 0.2844602167606354 0.0014355663442984223
771.0 0.28384485840797424 0.001055701170116663 0.28443318605422974 0.0014350833371281624
772.0 0.2897506654262543 0.0032405760139226913 0.2844429016113281 0.0014413740718737245
773.0 0.28398892283439636 0.0010397267760708928 0.28443342447280884 0.001440607593394816
774.0 0.28374791145324707 0.0010140584781765938 0.2844685912132263 0.0014457106590270996
775.0 0.28422555327415466 0.001145237241871655 0.2844536304473877 0.0014449170557782054
776.0 0.2840092182159424 0.0010419621830806136 0.2844492495059967 0.0014350911369547248
777.0 0.2837682366371155 0.0010157829383388162 0.28441372513771057 0.0014262445038184524
778.0 0.283902108669281 0.0010107753332704306 0.28434839844703674 0.0014074764912948012
779.0 0.2840558588504791 0.0010802235919982195 0.28445005416870117 0.001441274886019528
780.0 0.2839065194129944 0.0010478115873411298 0.28441473841667175 0.001425500842742622
781.0 0.2838287651538849 0.0010404750937595963 0.2844093143939972 0.0014222681056708097
782.0 0.28384923934936523 0.001038016052916646 0.2844429016113281 0.0014427658170461655
783.0 0.28447622060775757 0.001263639540411532 0.28447145223617554 0.001452770084142685
784.0 0.284467875957489 0.0012596671003848314 0.28440552949905396 0.0014260272728279233
785.0 0.28396353125572205 0.0010735458927229047 0.2844678461551666 0.0014455122873187065
786.0 0.2840857207775116 0.0011537522077560425 0.28440701961517334 0.0014204462058842182
787.0 0.28400540351867676 0.0010768071515485644 0.2843771278858185 0.0014105119043961167
788.0 0.2837681174278259 0.001030042301863432 0.28442516922950745 0.0014402372762560844
789.0 0.2841086685657501 0.0010948327835649252 0.2844412326812744 0.001443636603653431
790.0 0.28403186798095703 0.0010902121430262923 0.28439271450042725 0.0014205786865204573
791.0 0.28407108783721924 0.001167144626379013 0.28450748324394226 0.0014666918432340026
792.0 0.284000426530838 0.0010619089007377625 0.2844334542751312 0.001445693545974791
793.0 0.2841227352619171 0.001124307862482965 0.2844291627407074 0.0014395647449418902
794.0 0.28412535786628723 0.001117170206271112 0.2843707203865051 0.0014289738610386848
795.0 0.2842174768447876 0.001209320849739015 0.2844412922859192 0.0014388051349669695
796.0 0.28381767868995667 0.00101508351508528 0.2844196557998657 0.0014422644162550569
797.0 0.2838810980319977 0.001035521738231182 0.2844209372997284 0.001444435678422451
798.0 0.2839820384979248 0.001051860279403627 0.2844334542751312 0.0014320972841233015
799.0 0.28386151790618896 0.0010255230590701103 0.2844318151473999 0.0014383626403287053
800.0 0.28385525941848755 0.0010317269479855895 0.2843610644340515 0.001418591826222837
801.0 0.2838086485862732 0.0010287591721862555 0.2844288945198059 0.0014336904278025031
802.0 0.284225195646286 0.0011135280365124345 0.28438830375671387 0.0014370947610586882
803.0 0.28401824831962585 0.0010748048080131412 0.28433749079704285 0.0014036564389243722
804.0 0.28397881984710693 0.0010833991691470146 0.2844458222389221 0.0014523871941491961
805.0 0.2838406264781952 0.0010085259564220905 0.28441768884658813 0.0014325175434350967
806.0 0.2837669551372528 0.0010004595387727022 0.28441497683525085 0.0014391288859769702
807.0 0.2843877971172333 0.001171204261481762 0.2844107747077942 0.001422490575350821
808.0 0.28396809101104736 0.0010211743647232652 0.2843986451625824 0.0014275751309469342
809.0 0.2842360734939575 0.0011388519778847694 0.2844114601612091 0.0014289857354015112
810.0 0.283820778131485 0.0010162093676626682 0.2844462990760803 0.0014486908912658691
811.0 0.2843073010444641 0.0011924413265660405 0.2844128906726837 0.001438294188119471
812.0 0.2839904725551605 0.0010488538537174463 0.2843727171421051 0.0014189650537446141
813.0 0.2840227782726288 0.0011097034439444542 0.2843829095363617 0.0014200987061485648
814.0 0.2839871644973755 0.0010777658317238092 0.28439584374427795 0.0014292594278231263
815.0 0.28428325057029724 0.001192390569485724 0.2843746244907379 0.001425661612302065
816.0 0.28507542610168457 0.001532983616925776 0.2844119668006897 0.0014263952616602182
817.0 0.28401273488998413 0.001068892772309482 0.2844313979148865 0.0014394670724868774
818.0 0.2841680645942688 0.0010775962145999074 0.28437861800193787 0.0014145348686724901
819.0 0.2842126190662384 0.0010937756160274148 0.28437674045562744 0.0014205409679561853
820.0 0.283838152885437 0.001037038047797978 0.284417986869812 0.0014280314790084958
821.0 0.28382933139801025 0.00101790064945817 0.28441280126571655 0.0014385253889486194
822.0 0.2839075028896332 0.0010583208641037345 0.284358412027359 0.001413028803654015
823.0 0.28410542011260986 0.001049510668963194 0.2843501567840576 0.0014127581380307674
824.0 0.2837486267089844 0.0010333160171285272 0.28446826338768005 0.001452332129701972
825.0 0.28434887528419495 0.001202607760205865 0.2843744456768036 0.0014091358752921224
826.0 0.28488340973854065 0.0014369640266522765 0.28437021374702454 0.0014247902436181903
827.0 0.2840504050254822 0.0010975756449624896 0.28433841466903687 0.0014095839578658342
828.0 0.28408321738243103 0.0011117670219391584 0.2843460142612457 0.0014075076906010509
829.0 0.28393715620040894 0.001117694890126586 0.28440356254577637 0.0014352492289617658
830.0 0.2838601768016815 0.0010033914586529136 0.28438103199005127 0.0014217543648555875
831.0 0.2838801145553589 0.001040382427163422 0.28438979387283325 0.0014241592725738883
832.0 0.2839165925979614 0.001071031205356121 0.28437647223472595 0.0014203417813405395
833.0 0.28397974371910095 0.0010919945780187845 0.28435376286506653 0.00141547666862607
834.0 0.2840041220188141 0.0010290342615917325 0.2844069302082062 0.0014311238192021847
835.0 0.2837294638156891 0.001027958351187408 0.2843970060348511 0.0014229696244001389
836.0 0.28431937098503113 0.00127031106967479 0.2843781113624573 0.001423405366949737
837.0 0.2843165397644043 0.0012592304265126586 0.2843741178512573 0.0014277001610025764
838.0 0.2838747501373291 0.001021148287691176 0.2844485938549042 0.0014527224702760577
839.0 0.28512445092201233 0.0015735920751467347 0.2843252718448639 0.001397776766680181
840.0 0.28377264738082886 0.0010021188063547015 0.28436583280563354 0.0014090300537645817
841.0 0.28420138359069824 0.0011362386867403984 0.2843644917011261 0.0014137732796370983
842.0 0.2838728725910187 0.0010680673876777291 0.2843624949455261 0.0014084989670664072
843.0 0.2838795483112335 0.0010308284545317292 0.2843610346317291 0.0014130958588793874
844.0 0.28382202982902527 0.000997020280919969 0.28436288237571716 0.0014266417128965259
845.0 0.2839098870754242 0.0010381496977061033 0.28440096974372864 0.0014387500705197453
846.0 0.28440362215042114 0.001256920862942934 0.2843880355358124 0.0014272951520979404
847.0 0.2843698561191559 0.0012816442176699638 0.284371554851532 0.001418155967257917
848.0 0.28376200795173645 0.0009923508623614907 0.28433308005332947 0.001401029760017991
849.0 0.28374913334846497 0.0009896651608869433 0.28439608216285706 0.0014313223073258996
850.0 0.28395235538482666 0.0010433541610836983 0.28440749645233154 0.0014343634247779846
851.0 0.2841132581233978 0.001083375420421362 0.28436052799224854 0.001419984269887209
852.0 0.2843761742115021 0.0011877231299877167 0.28432655334472656 0.0014016503700986505
853.0 0.2838613986968994 0.001032299012877047 0.28438737988471985 0.0014313827268779278
854.0 0.28390073776245117 0.001091274549253285 0.28435662388801575 0.0014166261535137892
855.0 0.2838553488254547 0.0010088247945532203 0.2843787372112274 0.0014213438844308257
856.0 0.283873975276947 0.001062606694176793 0.2843702733516693 0.0014263378689065576
857.0 0.28383806347846985 0.0010586793068796396 0.28437185287475586 0.0014180488651618361
858.0 0.28378406167030334 0.0010087070986628532 0.2844104766845703 0.0014386300463229418
859.0 0.284383088350296 0.0011835850309580564 0.284372478723526 0.0014268177328631282
860.0 0.28660646080970764 0.002104654675349593 0.28436824679374695 0.001410521799698472
861.0 0.28378793597221375 0.001053729560226202 0.28434109687805176 0.0014103003777563572
862.0 0.2838355004787445 0.0010322962189093232 0.2843547761440277 0.0014146402245387435
863.0 0.28396090865135193 0.0010410626418888569 0.28440845012664795 0.00143971829675138
864.0 0.28390443325042725 0.0010577694047242403 0.2843175530433655 0.0013946600956842303
865.0 0.28400030732154846 0.0010667493334040046 0.28432920575141907 0.0014184432802721858
866.0 0.28374120593070984 0.0010155560448765755 0.2843171954154968 0.0014070405159145594
867.0 0.2837727963924408 0.0010293072555214167 0.2843233644962311 0.0014093859354034066
868.0 0.2840728163719177 0.001180063933134079 0.28430765867233276 0.0013975996989756823
869.0 0.28431665897369385 0.001147448900155723 0.2843497097492218 0.0014120601117610931
870.0 0.283943772315979 0.0010557282948866487 0.2843394875526428 0.0014107077149674296
871.0 0.2839060425758362 0.001048393314704299 0.28438660502433777 0.0014263580087572336
872.0 0.2840108871459961 0.0010730597423389554 0.28433120250701904 0.0013985354453325272
873.0 0.28385287523269653 0.0010674420045688748 0.28433957695961 0.0014118985272943974
874.0 0.28428512811660767 0.0011249087983742356 0.28430259227752686 0.001404443522915244
875.0 0.2845427691936493 0.0011855543125420809 0.2843179702758789 0.0014079698594287038
876.0 0.2842356562614441 0.0011649969965219498 0.284365713596344 0.0014211318921297789
877.0 0.28390878438949585 0.0010898883920162916 0.28436529636383057 0.0014212013920769095
878.0 0.2838231027126312 0.0010166160063818097 0.28433603048324585 0.0014175180112943053
879.0 0.2842055559158325 0.0011894736671820283 0.2843702733516693 0.0014224844053387642
880.0 0.28371766209602356 0.000993311870843172 0.2842925488948822 0.0013896606396883726
881.0 0.28365272283554077 0.0009821373969316483 0.28427693247795105 0.0013946014223620296
882.0 0.28507471084594727 0.0015358084347099066 0.28429099917411804 0.00140148785430938
883.0 0.2839750051498413 0.0010561734670773149 0.2843277156352997 0.0014085342409089208
884.0 0.2838006317615509 0.001029316452331841 0.2843167185783386 0.001404855982400477
885.0 0.2840379476547241 0.0010844838107004762 0.2842579185962677 0.0013811817625537515
886.0 0.2839525043964386 0.001070196507498622 0.2843322157859802 0.0014186082407832146
887.0 0.2837870419025421 0.0010086112888529897 0.28436750173568726 0.0014247517101466656
888.0 0.28392553329467773 0.0010330671211704612 0.28430333733558655 0.0013906190870329738
889.0 0.28386345505714417 0.0010096001205965877 0.28433501720428467 0.0014084994327276945
890.0 0.28561797738075256 0.0015253230230882764 0.2842923700809479 0.0013926825486123562
891.0 0.283863365650177 0.0010722007136791945 0.2843569219112396 0.0014238753356039524
892.0 0.2842007577419281 0.0011626313207671046 0.2842712700366974 0.0013806294882670045
893.0 0.2837499678134918 0.0009808549657464027 0.2843990623950958 0.0014334016013890505
894.0 0.28375664353370667 0.001005978905595839 0.28432902693748474 0.00141323811840266
895.0 0.2839844822883606 0.0010781644377857447 0.2843482494354248 0.001412486075423658
896.0 0.28417205810546875 0.0010919759515672922 0.2843449115753174 0.0014175118412822485
897.0 0.2836865782737732 0.0009849549969658256 0.2843061685562134 0.0014072619378566742
898.0 0.2840113043785095 0.0010795664275065064 0.28428545594215393 0.001396998530253768
899.0 0.2841161787509918 0.0011760515626519918 0.28428757190704346 0.0013862833147868514
900.0 0.28401923179626465 0.0010640895925462246 0.2843772768974304 0.0014191261725500226
901.0 0.28390973806381226 0.0010581405367702246 0.2843565046787262 0.0014261589385569096
902.0 0.2837470769882202 0.0009828481124714017 0.28433874249458313 0.001402396708726883
903.0 0.284097284078598 0.0010995446937158704 0.2843424081802368 0.001412313198670745
904.0 0.2843829393386841 0.0011649453081190586 0.28431764245033264 0.001405529328621924
905.0 0.2837511897087097 0.0009953727712854743 0.28438061475753784 0.0014234754489734769
906.0 0.2836487293243408 0.0009735848288983107 0.2842888832092285 0.001397108193486929
907.0 0.28371667861938477 0.0009952218970283866 0.2842666506767273 0.0013833744451403618
908.0 0.2837681472301483 0.0010237107053399086 0.2843501567840576 0.0014159103156998754
909.0 0.28366440534591675 0.0010005717631429434 0.28430160880088806 0.0014076317893341184
910.0 0.28417614102363586 0.0011942160781472921 0.28435197472572327 0.0014173093950375915
911.0 0.28838518261909485 0.002677014097571373 0.2842440605163574 0.0013768489006906748
912.0 0.28388792276382446 0.001010288018733263 0.2843065559864044 0.0014083096757531166
913.0 0.2839829623699188 0.0010977196507155895 0.2842370569705963 0.0013956917682662606
914.0 0.28369373083114624 0.001015141955576837 0.2842772305011749 0.001394203514792025
915.0 0.2840636372566223 0.0010732045629993081 0.28427380323410034 0.0013963899109512568
916.0 0.28375697135925293 0.0010023338254541159 0.2843077480792999 0.0014041870599612594
917.0 0.28397971391677856 0.0010825961362570524 0.2843194007873535 0.0014017142821103334
918.0 0.2838350534439087 0.0010340848239138722 0.28430885076522827 0.0013973551103845239
919.0 0.28366655111312866 0.0009933875408023596 0.2842990756034851 0.0013991603627800941
920.0 0.2836223244667053 0.0009684693650342524 0.2842606008052826 0.0013818731531500816
921.0 0.2844941318035126 0.0013096078764647245 0.28426221013069153 0.0013899842742830515
922.0 0.28364238142967224 0.0009785772999748588 0.28436142206192017 0.0014330000849440694
923.0 0.2839095890522003 0.001089025172404945 0.2842867374420166 0.0013860780745744705
924.0 0.28379690647125244 0.0010611768811941147 0.2842657268047333 0.0013852237025275826
925.0 0.28387224674224854 0.001102709793485701 0.2843416929244995 0.0014164497843012214
926.0 0.2837761342525482 0.0009981257608160377 0.2842779755592346 0.001399246510118246
927.0 0.28371110558509827 0.0010141596430912614 0.28429052233695984 0.0014021170791238546
928.0 0.2847590446472168 0.001402600551955402 0.28431183099746704 0.0014096418162807822
929.0 0.2837831974029541 0.0009934405097737908 0.2843139171600342 0.001403234782628715
930.0 0.28387144207954407 0.0010101493680849671 0.2842904329299927 0.0013975102920085192
931.0 0.283769428730011 0.0009880458237603307 0.28430986404418945 0.0014091830234974623
932.0 0.28367912769317627 0.0010076090693473816 0.2843460738658905 0.0014158134581521153
933.0 0.2840072214603424 0.0011061613913625479 0.2842720150947571 0.0013948148116469383
934.0 0.28966087102890015 0.0031737766694277525 0.2841874957084656 0.001360220485366881
935.0 0.28410017490386963 0.0011247206712141633 0.28431281447410583 0.0013972902670502663
936.0 0.28422150015830994 0.0011348873376846313 0.2843114137649536 0.0014085543807595968
937.0 0.2836836278438568 0.0010008419631049037 0.2842094898223877 0.001375727355480194
938.0 0.2854537069797516 0.0016113759484142065 0.2843228280544281 0.001407765899784863
939.0 0.2837958037853241 0.0010325933108106256 0.2842700183391571 0.0013827469665557146
940.0 0.2838519811630249 0.0010330363875254989 0.28435584902763367 0.0014228436630219221
941.0 0.2836926579475403 0.0009850499918684363 0.28429627418518066 0.0013978466158732772
942.0 0.2838249206542969 0.0010017766617238522 0.2842990756034851 0.0013949575368314981
943.0 0.2839919328689575 0.0010450975969433784 0.28433072566986084 0.001414826954714954
944.0 0.2836522161960602 0.0009874417446553707 0.28432008624076843 0.0014125900343060493
945.0 0.28415676951408386 0.0011003914987668395 0.28429585695266724 0.001396703184582293
946.0 0.2839933931827545 0.0011061872355639935 0.2842514216899872 0.0013761994196102023
947.0 0.28399208188056946 0.0010514948517084122 0.2843043804168701 0.0014017027569934726
948.0 0.2838471531867981 0.0010266294702887535 0.2843201160430908 0.001412297016941011
949.0 0.2837631106376648 0.000990270054899156 0.28428056836128235 0.001397019368596375
950.0 0.2839362919330597 0.0010242481948807836 0.2842707931995392 0.0013929385459050536
951.0 0.2837334871292114 0.0009961191099137068 0.28428494930267334 0.001398590742610395
952.0 0.283712774515152 0.0010082114022225142 0.2842366099357605 0.001381593057885766
953.0 0.28364697098731995 0.0009790024487301707 0.28434962034225464 0.001418248750269413
954.0 0.2839076817035675 0.0010289924684911966 0.2842757999897003 0.0013993590837344527
955.0 0.2836419343948364 0.0009855111129581928 0.28427883982658386 0.0013938505435362458
956.0 0.2843329906463623 0.0011984303127974272 0.2842785120010376 0.001400176202878356
957.0 0.28430044651031494 0.0012511564418673515 0.284315288066864 0.0014132300857454538
958.0 0.2837192714214325 0.0010208693565800786 0.2842938005924225 0.001398504595272243
959.0 0.28368067741394043 0.0009713097242638469 0.28430071473121643 0.0014070285251364112
960.0 0.28370267152786255 0.0010046123061329126 0.28433310985565186 0.0014184038154780865
961.0 0.2836626470088959 0.0010011926060542464 0.28420591354370117 0.0013685859739780426
962.0 0.28375235199928284 0.001043279655277729 0.28423231840133667 0.0013813854893669486
963.0 0.2838487923145294 0.0010571973398327827 0.28427305817604065 0.0013917060568928719
964.0 0.28372836112976074 0.0009870195062831044 0.2843053936958313 0.001401755609549582
965.0 0.2838168144226074 0.001002113102003932 0.2842632532119751 0.0013885325752198696
966.0 0.28378695249557495 0.0010086497059091926 0.2843087911605835 0.0014036274515092373
967.0 0.2836945652961731 0.00099697255063802 0.2842879593372345 0.0013969993451610208
968.0 0.2836793065071106 0.0009985045762732625 0.28428828716278076 0.0013974272878840566
969.0 0.28419631719589233 0.0011222197208553553 0.28427425026893616 0.0013942633522674441
970.0 0.2838476300239563 0.0010642569977790117 0.2843111455440521 0.0014062518021091819
971.0 0.2845948338508606 0.0013851749245077372 0.28431981801986694 0.0014045124407857656
972.0 0.2837051451206207 0.0010149114532396197 0.2844204902648926 0.0014499202370643616
973.0 0.28430885076522827 0.0012674974277615547 0.2842070460319519 0.0013770520454272628
974.0 0.283908873796463 0.0010378973092883825 0.28426361083984375 0.0013815242564305663
975.0 0.2836327850818634 0.000993814435787499 0.2842864692211151 0.0013940755743533373
976.0 0.283767431974411 0.0010122221428900957 0.28435400128364563 0.00142727792263031
977.0 0.2836768925189972 0.0009959717281162739 0.2842085063457489 0.0013702204450964928
978.0 0.2838209271430969 0.0010661011328920722 0.28423771262168884 0.0013867720263078809
979.0 0.28370192646980286 0.0010115383192896843 0.2842535376548767 0.001389851444400847
980.0 0.28362879157066345 0.0009746721480041742 0.28426235914230347 0.0014003277756273746
981.0 0.2838948667049408 0.0010879574110731483 0.2842327058315277 0.0013753995299339294
982.0 0.283741295337677 0.0010113284224644303 0.2842988073825836 0.0014021534007042646
983.0 0.2838624119758606 0.0010655323276296258 0.2842496335506439 0.001395304803736508
984.0 0.283918172121048 0.0010757091222330928 0.2842787206172943 0.0013995897024869919
985.0 0.28383681178092957 0.0010861896444112062 0.284247487783432 0.001379507826641202
986.0 0.2836693823337555 0.0010002502240240574 0.28429365158081055 0.001401137444190681
987.0 0.28420165181159973 0.0011123655131086707 0.28430256247520447 0.0014061041874811053
988.0 0.2837011218070984 0.0009939441224560142 0.28420591354370117 0.0013769749784842134
989.0 0.28363925218582153 0.0009642667719163001 0.2842743694782257 0.0013942996738478541
990.0 0.283677339553833 0.0009859695564955473 0.2842986583709717 0.0014078684616833925
991.0 0.2838999927043915 0.001052574603818357 0.2841881811618805 0.0013689176412299275
992.0 0.2838112711906433 0.001005162368528545 0.2842823266983032 0.0014032411854714155
993.0 0.28430214524269104 0.0011879152152687311 0.28426817059516907 0.0013902668142691255
994.0 0.2836790978908539 0.001005222904495895 0.2843170464038849 0.0014176933327689767
995.0 0.2836695611476898 0.0010104996617883444 0.2842315435409546 0.001382517395541072
996.0 0.28365233540534973 0.0009837885154411197 0.28426387906074524 0.0013918138574808836
997.0 0.28364598751068115 0.0009805763838812709 0.28427359461784363 0.0013977213529869914
998.0 0.283811092376709 0.0010126284323632717 0.2842380702495575 0.0013924988452345133
999.0 0.28383389115333557 0.0010222014971077442 0.28423944115638733 0.0013847488444298506
